,regions,UKB and hcp,UKB and controls,controls and irm_neg,controls and irm_pos
0,FCLp-subsc-FCLa-INSULA_left,0.6474111621992655,0.4369426972800465,0.8947368421052632,0.6021052631578947
1,FCLp-subsc-FCLa-INSULA_right,0.6543352047949199,0.6115138788455361,0.6842105263157895,0.4842105263157895
2,FCMpost-SpC_left,0.5194962543337409,0.2753852202915556,0.7408906882591093,0.5473684210526316
3,FCMpost-SpC_right,0.5416079741466756,0.21335306309513324,0.6639676113360324,0.6168421052631579
4,FColl-SRh_left,0.6367696951421696,0.1598557230159744,0.8947368421052632,0.4063157894736842
5,FColl-SRh_right,0.598735651738821,0.13181399283328388,0.7651821862348178,0.5494736842105263
6,FIP-FIPPoCinf_left,0.7488606285689118,0.3781503224278026,0.8947368421052632,0.5347368421052632
7,FIP-FIPPoCinf_right,0.7354062573076974,0.5448527523885953,0.7935222672064778,0.4421052631578947
8,FPO-SCu-ScCal_left,0.5612948553260497,0.2832651350054017,0.8704453441295547,0.48210526315789476
9,FPO-SCu-ScCal_right,0.6168494753647117,0.09922019480865807,0.8178137651821862,0.4421052631578947
10,Lobule_parietal_sup_left,0.714742781110921,0.1604585309100291,0.8421052631578947,0.49473684210526314
11,Lobule_parietal_sup_right,0.7139714309782523,0.28652600322241756,0.7651821862348178,0.4568421052631579
12,OCCIPITAL_left,0.3772255435657548,0.19207617705683389,0.8421052631578947,0.5621052631578948
13,OCCIPITAL_right,0.46842091033700994,0.42491630769001787,0.7165991902834008,0.49473684210526314
14,SC-SPeC_left,0.6100859350304955,0.4067390449588019,0.7935222672064778,0.45473684210526316
15,SC-SPeC_right,0.6053191426797196,0.5715846777644509,0.7935222672064778,0.4863157894736842
16,SC-SPoC_left,0.6730214801401351,0.5222127266886374,0.7165991902834008,0.5473684210526316
17,SC-SPoC_right,0.6550060056658757,0.5481607537331298,0.7935222672064778,0.43157894736842106
18,SC-sylv_left,0.6063859845202794,0.4344421608306345,0.7408906882591093,0.49473684210526314
19,SC-sylv_right,0.5588120099439898,0.5907839851555455,0.7125506072874493,0.4673684210526316
20,SCall-SsP-SintraCing_left,0.7230810079262774,0.4243197015232683,0.9473684210526315,0.5494736842105263
21,SCall-SsP-SintraCing_right,0.650853890224069,0.5145473917395473,0.8947368421052632,0.5515789473684211
22,SCall_left,0.6977255219665972,0.41014875463113987,0.8947368421052632,0.4863157894736842
23,SCall_right,0.5861041004932435,0.647461570996754,0.7894736842105263,0.5242105263157895
24,SFinf-BROCA-SPeCinf_left,0.5527660228199649,0.6271930858182622,0.7935222672064778,0.5073684210526316
25,SFinf-BROCA-SPeCinf_right,0.5135899741999015,0.7422686166551107,0.6882591093117408,0.2968421052631579
26,SFint-FCMant_left,0.7342942285908451,0.5876570742483196,0.8178137651821862,0.4568421052631579
27,SFint-FCMant_right,0.731496344369015,0.2991167499972092,0.9473684210526315,0.5347368421052632
28,SFint-SR_left,0.7483827604281938,0.34886700643863333,0.7165991902834008,0.40421052631578946
29,SFint-SR_right,0.7511999379230478,0.21899291390638118,0.9473684210526315,0.48210526315789476
30,SFinter-SFsup_left,0.7025886537530641,0.28168617523352607,0.7935222672064778,0.5747368421052632
31,SFinter-SFsup_right,0.6727686578748857,0.3287969765339043,0.8704453441295547,0.4
32,SFmarginal-SFinfant_left,0.6440325335354953,0.3895664620510104,0.7408906882591093,0.44
33,SFmarginal-SFinfant_right,0.6214515556280276,0.5741459911414527,0.5384615384615384,0.16842105263157894
34,SFmedian-SFpoltr-SFsup_left,0.7213455653248435,0.21900903839737443,0.8461538461538461,0.4842105263157895
35,SFmedian-SFpoltr-SFsup_right,0.6829580234651048,0.23895503375600172,0.8704453441295547,0.4673684210526316
36,SOr-SOlf_left,0.5860374836985593,0.20789430272119389,0.7651821862348178,0.48210526315789476
37,SOr-SOlf_right,0.5510562834276581,0.29418513644420247,0.7408906882591093,0.40210526315789474
38,SOr_left,0.5501841936391348,0.30731047211269286,0.8178137651821862,0.49473684210526314
39,SOr_right,0.4512177630456902,0.2887635864340936,0.5870445344129555,0.3094736842105263
40,SPeC_left,0.5768573339886841,0.3011757234624988,0.9230769230769231,0.6
41,SPeC_right,0.5493789745041513,0.5508622261472266,0.8178137651821862,0.4842105263157895
42,SPoC_left,0.7191282351508118,0.48607030030003956,0.6396761133603239,0.5221052631578947
43,SPoC_right,0.6793673591922144,0.3947746726418242,0.7692307692307693,0.4673684210526316
44,STi-SOTlat_left,0.5908407894147288,0.3461630533336145,0.8947368421052632,0.5747368421052632
45,STi-SOTlat_right,0.6092954820189446,0.8832276765724789,0.7408906882591093,0.49473684210526314
46,STi-STs-STpol_left,0.6318079603452159,0.575912243077942,0.8947368421052632,0.5094736842105263
47,STi-STs-STpol_right,0.6519915586853343,0.9478943275281031,0.8178137651821862,0.49473684210526314
48,STs_left,0.6321207990749045,0.6979870433513142,0.7408906882591093,0.42947368421052634
49,STs_right,0.6529877642993298,0.9142809655345208,0.5870445344129555,0.29473684210526313
50,STsbr_left,0.7484618797715152,0.5105385952095378,0.8421052631578947,0.5621052631578948
51,STsbr_right,0.7406338246362488,0.8942965194666019,0.7408906882591093,0.37473684210526315
52,ScCal-SLi_left,0.5012754080453202,0.18671044259247085,0.7165991902834008,0.4463157894736842
53,ScCal-SLi_right,0.5288183746085973,0.11855718054592568,0.7368421052631579,0.4336842105263158
54,SsP-SPaint_left,0.6104656444137238,0.1335207081876444,0.7692307692307693,0.5073684210526316
55,SsP-SPaint_right,0.5815128303861943,0.14182730174008062,0.8178137651821862,0.391578947368421
