,regions,mean,median,Interquantile range
46,STi-STs-STpol_left,1761363.2980080305,507551.716796875,3507751.8154296875
7,FIP-FIPPoCinf_right,1761190.6486164932,508216.994140625,3508086.846435547
11,Lobule_parietal_sup_right,1761068.4013591383,508478.73046875,3508329.8901367188
47,STi-STs-STpol_right,1760985.2000837338,507162.4951171875,3508507.046142578
6,FIP-FIPPoCinf_left,1760909.7972587047,507261.8798828125,3508645.4916992188
44,STi-SOTlat_left,1760735.7935400838,506214.7353515625,3508998.667114258
10,Lobule_parietal_sup_left,1760714.882183061,506786.2109375,3509039.0618896484
45,STi-SOTlat_right,1760531.975276891,506118.8798828125,3509408.28515625
9,FPO-SCu-ScCal_right,1760002.1054706487,505266.7158203125,3510480.7697753906
14,SC-SPeC_left,1759927.7011512313,507215.56298828125,3510627.502319336
15,SC-SPeC_right,1759915.8358718,506515.94921875,3510648.705078125
16,SC-SPoC_left,1759891.2126822427,507703.91650390625,3510695.7208251953
31,SFinter-SFsup_right,1759787.3192432448,505085.66552734375,3510886.561767578
50,STsbr_left,1759686.0953125968,504316.8125,3511087.660888672
30,SFinter-SFsup_left,1759677.170042294,505584.4169921875,3511108.824951172
0,FCLp-subsc-FCLa-INSULA_left,1759673.1034844522,504349.02978515625,3511134.0771484375
8,FPO-SCu-ScCal_left,1759644.5756007829,504854.6708984375,3511187.5556640625
17,SC-SPoC_right,1759560.6924048169,506135.318359375,3511357.2131347656
51,STsbr_right,1759508.6037073564,505016.5341796875,3511441.432373047
35,SFmedian-SFpoltr-SFsup_right,1759391.6401443048,504598.185546875,3511679.1971435547
34,SFmedian-SFpoltr-SFsup_left,1759366.827397857,505174.01123046875,3511733.057495117
1,FCLp-subsc-FCLa-INSULA_right,1759361.397536332,504202.04052734375,3511760.49609375
48,STs_left,1759337.198372494,504581.5458984375,3511794.626586914
25,SFinf-BROCA-SPeCinf_right,1759236.60286102,503691.1787109375,3511994.181274414
13,OCCIPITAL_right,1759168.5919460792,503698.17236328125,3512131.3095703125
24,SFinf-BROCA-SPeCinf_left,1759167.6458377156,504737.404296875,3512134.337524414
40,SPeC_left,1759062.2295151816,505104.6015625,3512349.920776367
41,SPeC_right,1759013.917074823,504748.8037109375,3512449.194213867
12,OCCIPITAL_left,1759012.1966877724,504000.14111328125,3512447.5517578125
53,ScCal-SLi_right,1758972.0748741892,504157.61669921875,3512548.5810546875
42,SPoC_left,1758910.9101910158,505197.099609375,3512650.452270508
49,STs_right,1758878.6369797285,503857.23193359375,3512711.2341918945
54,SsP-SPaint_left,1758821.1275085935,503393.48779296875,3512815.390563965
5,FColl-SRh_right,1758786.0230954483,504180.037109375,3512916.0701904297
20,SCall-SsP-SintraCing_left,1758743.3218176733,503066.87841796875,3512975.3662109375
43,SPoC_right,1758704.8452956409,504465.123046875,3513059.8326416016
52,ScCal-SLi_left,1758645.3947119606,504550.90625,3513196.6579589844
4,FColl-SRh_left,1758487.5070605837,503779.7448730469,3513507.351623535
18,SC-sylv_left,1758395.0670722413,504251.390625,3513687.7950439453
27,SFint-FCMant_right,1758360.1085891938,503792.3688964844,3513743.5099487305
29,SFint-SR_right,1758340.9419068152,503276.89208984375,3513780.785217285
28,SFint-SR_left,1758334.1655775479,502801.05517578125,3513801.399169922
19,SC-sylv_right,1758282.8993554653,503775.07421875,3513915.4943847656
26,SFint-FCMant_left,1758257.524412755,502561.3359375,3513954.0630493164
21,SCall-SsP-SintraCing_right,1758140.8275354216,502776.1384277344,3514185.15234375
55,SsP-SPaint_right,1758126.7433264107,502664.74609375,3514211.9096069336
32,SFmarginal-SFinfant_left,1758052.715416105,502839.4719238281,3514357.1928710938
33,SFmarginal-SFinfant_right,1758048.3938254067,502528.49462890625,3514365.6502075195
3,FCMpost-SpC_right,1757959.1034725425,502528.82958984375,3514556.121948242
36,SOr-SOlf_left,1757883.0999447713,502310.6767578125,3514705.6908569336
2,FCMpost-SpC_left,1757855.2752719636,502182.00341796875,3514760.5328063965
37,SOr-SOlf_right,1757782.5744069072,501864.7204589844,3514905.7433166504
38,SOr_left,1757664.6236820065,501668.9122314453,3515138.969390869
39,SOr_right,1757513.994029444,501419.14599609375,3515440.7093811035
23,SCall_right,1757370.3717723424,501344.13671875,3515724.623413086
22,SCall_left,1757310.5896433266,501198.994140625,3515841.2681274414
