,regions,UKB and hcp,UKB and controls,controls and irm_neg,controls and irm_pos
0,FCLp-subsc-FCLa-INSULA_left,0.509000777273506,0.1952303755642021,0.8947368421052632,0.5473684210526316
1,FCLp-subsc-FCLa-INSULA_right,0.5680456392527732,0.6983727907896908,0.7368421052631579,0.4968421052631579
2,FCMpost-SpC_left,0.46709352469101034,0.4290627825662004,0.7125506072874493,0.5873684210526315
3,FCMpost-SpC_right,0.5115888259962976,0.22847907599224537,0.8178137651821862,0.6547368421052632
4,FColl-SRh_left,0.6239474112764357,0.1737575149430619,0.8461538461538461,0.3936842105263158
5,FColl-SRh_right,0.5256964607125285,0.13148406094065312,0.7125506072874493,0.4063157894736842
6,FIP-FIPPoCinf_left,0.565705758716212,0.3004129110039729,0.7935222672064778,0.5347368421052632
7,FIP-FIPPoCinf_right,0.6121792128437687,0.32523594471532213,0.6882591093117408,0.5494736842105263
8,FPO-SCu-ScCal_left,0.486351236320128,0.16833844562387523,0.6923076923076923,0.4568421052631579
9,FPO-SCu-ScCal_right,0.6052417791934828,0.1709679780012329,0.7408906882591093,0.36210526315789476
10,Lobule_parietal_sup_left,0.5706332437225676,0.3697147329474205,0.7408906882591093,0.5094736842105263
11,Lobule_parietal_sup_right,0.5402945295828282,0.24723309936283455,0.6842105263157895,0.36
12,OCCIPITAL_left,0.5756833425561666,0.25835527711178113,0.7894736842105263,0.24210526315789474
13,OCCIPITAL_right,0.5018967487492481,0.23174614593656623,0.6882591093117408,0.3642105263157895
14,SC-SPeC_left,0.5197406569469469,0.16792417023989514,0.8421052631578947,0.5094736842105263
15,SC-SPeC_right,0.4331122321424151,0.42509739812732644,0.6639676113360324,0.26105263157894737
16,SC-SPoC_left,0.5829266972823267,0.2320611936836648,0.7935222672064778,0.5073684210526316
17,SC-SPoC_right,0.4701307766587445,0.20331370693365525,0.6356275303643725,0.3389473684210526
18,SC-sylv_left,0.49914762658259315,0.18853002938378394,0.7651821862348178,0.49473684210526314
19,SC-sylv_right,0.33312583897707404,0.2942297888807991,0.7408906882591093,0.32421052631578945
20,SCall-SsP-SintraCing_left,0.471362838304475,0.5539345618541677,0.6923076923076923,0.43157894736842106
21,SCall-SsP-SintraCing_right,0.4209798520265193,0.6553315629469121,0.659919028340081,0.5221052631578947
22,SCall_left,0.5304247934466845,0.19107521826979249,0.7408906882591093,0.5747368421052632
23,SCall_right,0.43677837711503037,0.8262598498933924,0.6072874493927125,0.3410526315789474
24,SFinf-BROCA-SPeCinf_left,0.5655753598840644,0.22691127932951882,0.7125506072874493,0.4842105263157895
25,SFinf-BROCA-SPeCinf_right,0.2516137490125419,0.754963552448628,0.582995951417004,0.1368421052631579
26,SFint-FCMant_left,0.66539879681903,0.38613318581491324,0.5344129554655871,0.27157894736842103
27,SFint-FCMant_right,0.5071755955666258,0.35057868317483787,0.7651821862348178,0.4863157894736842
28,SFint-SR_left,0.642868971470961,0.20136512421439612,0.6396761133603239,0.2736842105263158
29,SFint-SR_right,0.5542827025526058,0.4849465473123574,0.7651821862348178,0.6294736842105263
30,SFinter-SFsup_left,0.537771532191778,0.31714517127310293,0.582995951417004,0.2968421052631579
31,SFinter-SFsup_right,0.37598895477043315,0.23452451976924613,0.46153846153846156,0.2168421052631579
32,SFmarginal-SFinfant_left,0.6719846782641521,0.23718382043766834,0.8704453441295547,0.5915789473684211
33,SFmarginal-SFinfant_right,0.4591958910744115,0.6261028221580274,0.4331983805668016,0.2863157894736842
34,SFmedian-SFpoltr-SFsup_left,0.6197482896365379,0.33994396119207115,0.611336032388664,0.20421052631578948
35,SFmedian-SFpoltr-SFsup_right,0.5283768929038453,0.43219837589165333,0.6153846153846154,0.2
36,SOr-SOlf_left,0.530911398563015,0.19505052547235457,0.582995951417004,0.3368421052631579
37,SOr-SOlf_right,0.4504531401726943,0.3005171000226984,0.611336032388664,0.22105263157894736
38,SOr_left,0.5457880563724051,0.14175040032149752,0.7408906882591093,0.4442105263157895
39,SOr_right,0.3243661853065563,0.4030614206668841,0.4089068825910931,0.28421052631578947
40,SPeC_left,0.5317081980459553,0.1448847533014895,0.9473684210526315,0.6947368421052632
41,SPeC_right,0.36492618778760355,0.4625744362319793,0.6882591093117408,0.32210526315789473
42,SPoC_left,0.6221177658846784,0.2621556956043397,0.6396761133603239,0.4694736842105263
43,SPoC_right,0.5522710615163049,0.2527377525188315,0.6639676113360324,0.29894736842105263
44,STi-SOTlat_left,0.5491857244503437,0.5397152414890596,0.7894736842105263,0.4694736842105263
45,STi-SOTlat_right,0.48849617441051113,0.45989404969071984,0.7408906882591093,0.37894736842105264
46,STi-STs-STpol_left,0.5780096416439544,0.3752776823400853,0.8178137651821862,0.5221052631578947
47,STi-STs-STpol_right,0.4038765558850596,0.7483413480322539,0.7935222672064778,0.42736842105263156
48,STs_left,0.6222358525623306,0.21967758460086306,0.7368421052631579,0.4968421052631579
49,STs_right,0.527268947083587,0.7727488660141624,0.5101214574898786,0.33473684210526317
50,STsbr_left,0.6477302839356297,0.16199903997261317,0.7651821862348178,0.5094736842105263
51,STsbr_right,0.629774572066954,0.7775713291665995,0.6923076923076923,0.44
52,ScCal-SLi_left,0.4797228123617923,0.16203749068190476,0.6923076923076923,0.4442105263157895
53,ScCal-SLi_right,0.6026647310210995,0.28416066442825655,0.5870445344129555,0.3157894736842105
54,SsP-SPaint_left,0.4953300971124359,0.2836496420983172,0.7165991902834008,0.5073684210526316
55,SsP-SPaint_right,0.5458610196384788,0.30493148951846066,0.7368421052631579,0.3136842105263158
