,UKB and controls
0,0.4369426972800465
1,0.6115138788455361
2,0.2753852202915556
3,0.21335306309513324
4,0.1598557230159744
5,0.13181399283328388
6,0.3781503224278026
7,0.5448527523885953
8,0.2832651350054017
9,0.09922019480865807
10,0.1604585309100291
11,0.28652600322241756
12,0.19207617705683389
13,0.42491630769001787
14,0.4067390449588019
15,0.5715846777644509
16,0.5222127266886374
17,0.5481607537331298
18,0.4344421608306345
19,0.5907839851555455
20,0.4243197015232683
21,0.5145473917395473
22,0.41014875463113987
23,0.647461570996754
24,0.6271930858182622
25,0.7422686166551107
26,0.5876570742483196
27,0.2991167499972092
28,0.34886700643863333
29,0.21899291390638118
30,0.28168617523352607
31,0.3287969765339043
32,0.3895664620510104
33,0.5741459911414527
34,0.21900903839737443
35,0.23895503375600172
36,0.20789430272119389
37,0.29418513644420247
38,0.30731047211269286
39,0.2887635864340936
40,0.3011757234624988
41,0.5508622261472266
42,0.48607030030003956
43,0.3947746726418242
44,0.3461630533336145
45,0.8832276765724789
46,0.575912243077942
47,0.9478943275281031
48,0.6979870433513142
49,0.9142809655345208
50,0.5105385952095378
51,0.8942965194666019
52,0.18671044259247085
53,0.11855718054592568
54,0.1335207081876444
55,0.14182730174008062
